1 0.199409 0.0593334 0.148104 0.068022 0.0537967 0.0639911 0.0299922 0.034404 0.0421697 0.0504665 0.0688303 0.0293055 0.0158368 0.0124476 0
0.466663 1 0.0930763 0.216116 0.144433 0.0712507 0.032455 0.0588597 0.0786521 0.0610622 0.0431053 0.111438 0.11308 0.0434304 0.0285774 0
0.365892 0.119639 1 0.17285 0.064438 0.00670185 0.0169713 0.0758902 0.0557659 0.0528562 0.0548002 0.0106488 0.0121287 0.00281786 0.0231499 0
0.403236 0.227258 0.116695 1 0.083172 0.0214297 0.0121335 0.0364086 0.0261153 0.113045 0.0924946 0.0497481 0.0365204 0.0154919 0.00587313 0
0.234118 0.194798 0.0398305 0.143493 1 0.0494963 0.094862 0.136252 0.13075 0.111988 0.031075 0.141198 0.229187 0.0318426 0.0183185 0
0.427944 0.257561 0.00380655 0.0258444 0.022068 1 0.0609349 0.0182522 0.0705096 0.0332821 0.0259841 0.375038 0 0.0163325 0.00358871 0
0.329226 0.0564794 0.0230726 0.0436191 0.248436 0.0722357 1 0.0400571 0.100678 0.0149867 0.0113881 0.19191 0.0167879 0.00518377 0.0508114 0
0.417014 0.307787 0.0914711 0.346902 0.776732 0 0.224712 1 0.476586 0.0342559 0 0.0164411 0.0469179 0 0.0499862 0
0.331606 0.317833 0.109062 0.126316 0.247873 0.0196182 0.313977 0.238626 1 0.0669396 0.0129509 0.0232429 0.0235579 0.0159986 0.181635 0
0.263584 0.117744 0.00640247 0.397019 0.230285 0.116034 0.033291 0.00616012 0.0129434 1 0.0246427 0.271101 0.0214128 0.273988 0.00278907 0
0.408054 0.123848 0.128776 0.244475 0.0324627 0.0178791 0.0162691 0.0309261 0.0716116 0.0475594 1 0.123183 0.0558582 0 0.00836372 0
0.340519 0.208505 0.022137 0.0996247 0.171149 0.231587 0.113366 0.0174283 0.0331948 0.0588738 0.0247873 1 0.0535853 0.0282575 0.00356458 0
0.20192 0.249387 0.0415928 0.106501 0.280132 0.0530858 0.0240111 0.0392809 0.0414471 0.0381499 0.0577894 0.207847 1 0.0122297 0.00723425 0
0.187251 0.243263 0.0264376 0.136659 0.1482 0.0737751 0.00859054 0.0272518 0.0258549 0.206444 0.020731 0.103607 0.0267785 1 0.00170238 0
0 0 0 0 0 0 0 0 0 0 0 0 0 0 0 0
