ROCK 0 38446.59 7666.5835 2281.1655 5694.082 2615.2139 2068.2993 2460.2407 1153.0992 1322.7157 1621.2798 1940.2634 2646.29 1126.6959 608.8725 478.56772 0.0
POP 1 834.9516 1789.1945 166.53152 386.67307 258.41855 127.48143 58.0683 105.31148 140.72398 109.2521 77.12385 199.38513 202.32126 77.7054 51.13057 0.0
HIP_HOP 2 1057.4508 345.76334 2890.059 499.54703 186.22972 19.368738 49.047977 219.3272 161.1666 152.75757 158.37587 30.775692 35.052708 8.143793 66.904655 0.0
EDM 3 2779.6143 1566.5513 804.4074 6893.2656 573.32684 147.72034 83.639565 250.9739 180.02002 779.2469 637.5898 342.9271 251.74454 106.78965 40.485043 0.0
JAZZ 4 751.9368 625.6489 127.92672 460.8674 3211.779 158.97112 304.67572 437.6104 419.9399 359.68005 99.805916 453.49622 736.09894 102.27147 58.83507 0.0
FOLK 5 100.905136 60.730526 0.89754826 6.0938735 5.203437 235.79065 14.367874 4.303695 16.625498 7.8475986 6.1267967 88.430565 0.0 3.8510475 0.8461848 0.0
BLUES 6 994.95844 170.68698 69.72787 131.8217 750.8004 218.30424 3022.1116 121.05693 304.26 45.291447 34.41604 579.97327 50.734894 15.665932 153.55763 0.0
FUNK 7 8.039278 5.9335666 1.763397 6.6876416 14.97398 0.0 4.3320475 19.278181 9.187719 0.66039073 0.0 0.3169537 0.9044924 0.0 0.96364313 0.0
SOUL 8 89.337654 85.62709 29.38229 34.030716 66.77918 5.2853336 84.58828 64.287865 269.40903 18.03412 3.489097 6.261859 6.3467026 4.310178 48.93411 0.0
AMBIENT 9 137.32014 61.341663 3.3355117 206.8362 119.97223 60.450447 17.343699 3.2092576 6.743157 520.9729 12.838184 141.23643 11.155464 142.74033 1.4530282 0.0
REGGAE 10 369.3708 112.107346 116.56804 221.2986 29.385273 16.18414 14.726836 27.994276 64.82284 43.050793 905.20026 111.5055 50.562878 0.0 7.5708404 0.0
WORLD 11 938.93005 574.92206 61.039497 274.70035 471.91858 638.56635 312.58853 48.055992 91.5296 162.33571 68.347206 2757.3506 147.75359 77.91578 9.828796 0.0
LATIN 12 286.42114 353.75192 58.998974 151.06981 397.36407 75.301636 34.059494 55.71945 58.792294 54.115143 81.973526 294.8279 1418.4884 17.347633 10.261694 0.0
CLASSICAL 13 70.6747 91.81537 9.978392 51.57968 55.935497 27.8451 3.2423463 10.285727 9.758463 77.91881 7.824541 39.104527 10.10707 377.43237 0.6425317 0.0
OTHER 15 0.0 0.0 0.0 0.0 0.0 0.0 0.0 0.0 0.0 0.0 0.0 0.0 0.0 0.0 0.0 0.0
