1972 24 -281.26303
0 5320 -59538.125
1973 24 -281.077
1974 22 -234.75499
1975 24 -269.98898
1976 15 -174.87602
1977 35 -413.70404
1978 20 -202.25
1979 36 -427.64706
1980 32 -355.15298
1981 36 -416.53607
1982 50 -567.43695
1983 47 -578.2351
1984 32 -384.481
1985 34 -350.66696
1986 37 -420.67996
1987 44 -487.37204
1988 61 -618.047
1989 66 -794.27295
1990 72 -859.9509
1991 91 -1074.8472
1992 98 -1080.3799
1993 126 -1556.6909
1994 115 -1334.5018
1926 2 -43.345
1995 135 -1391.3878
1927 3 -48.405003
1996 109 -1153.8949
1929 1 -14.873
1997 130 -1360.4519
1998 151 -1574.373
1930 2 -33.502
1999 178 -1597.7101
2000 192 -1833.953
2001 217 -1827.111
2002 198 -1791.9928
1934 1 -30.53
1935 2 -34.167
2003 254 -2201.4219
1936 1 -10.697
2004 270 -2290.403
2005 304 -2695.1272
2006 320 -2671.211
2007 285 -2285.4783
1940 2 -37.38
2008 253 -1993.4401
2009 250 -2048.5542
2010 64 -519.11304
1947 2 -38.989
1950 1 -16.472
1953 4 -49.585
1954 1 -9.302
1955 1 -16.252
1956 7 -89.618
1957 1 -12.057
1958 6 -74.256
1959 9 -132.672
1960 9 -112.71199
1961 7 -100.064
1962 4 -44.015
1963 15 -146.719
1964 13 -170.40898
1965 8 -98.991
1966 12 -140.035
1967 29 -394.98502
1968 23 -296.062
1969 17 -167.705
1970 21 -250.49797
1971 25 -303.82498
