1 1964 10 -118.329994 1039.9769
0 1964 3 -52.079002 376.228
1 2001 154 -1333.407 19566.738
1 1983 29 -350.12793 3817.239
1 1971 20 -243.75198 2648.542
0 2010 19 -139.842 2393.693
0 1967 7 -98.91301 828.77405
0 1990 25 -308.526 3255.112
1 1961 7 -100.064 748.09
0 1965 4 -43.883 452.39502
0 1995 36 -361.688 4666.6094
1 1978 15 -132.78099 2111.685
0 1993 38 -493.573 5566.7285
0 2003 94 -808.8199 12268.084
0 1994 35 -385.42392 4644.0215
1 1988 46 -464.382 5698.919
0 1989 15 -158.30801 1762.516
1 1969 11 -107.374016 1466.0239
1 1991 70 -849.349 8435.542
1 1993 88 -1063.118 10621.407
1 1953 2 -26.787998 171.79501
1 0 3707 -41970.86 447218.16
1 2009 165 -1331.6162 20896.656
1 1986 28 -319.15594 3708.6194
1 1990 47 -551.425 5604.8364
0 1973 5 -70.854004 691.771
1 1970 14 -164.33798 1747.555
1 1960 8 -102.64499 766.11
1 1930 2 -33.502 266.64398
1 1997 93 -968.96014 11446.285
0 1969 6 -60.331 792.261
1 1968 20 -258.34998 2394.1157
1 1987 29 -328.89297 3474.6553
1 2002 128 -1196.5172 15876.761
0 1988 15 -153.66501 1924.222
0 1999 63 -553.663 7241.8
0 1987 15 -158.47899 2009.019
1 1963 15 -146.719 1791.697
0 1966 4 -40.827003 468.631
1 1979 24 -270.24103 3466.415
0 1979 12 -157.406 1484.1951
0 1996 25 -266.20898 3002.663
0 1955 1 -16.252 68.326
0 1980 4 -36.852997 563.829
1 1996 84 -887.6861 11036.722
0 2002 70 -595.47614 8765.267
1 1973 19 -210.22299 2100.776
0 1934 1 -30.53 100.795
1 1992 72 -794.694 9002.703
1 2005 194 -1776.5461 23972.562
1 2007 183 -1481.322 23445.078
0 1992 26 -285.686 3085.4438
0 1953 2 -22.797 204.14
0 1986 9 -101.524 970.619
1 1927 2 -29.097 230.69998
0 1997 37 -391.492 4482.147
0 1998 36 -375.91003 4343.037
0 2007 102 -804.15607 12447.228
0 2000 63 -523.67896 7660.2217
0 1983 18 -228.107 2111.5142
1 1999 115 -1044.0471 14997.781
1 1981 25 -291.55396 3265.258
1 2003 160 -1392.602 19533.855
0 2008 89 -665.88104 11922.236
0 1968 3 -37.711998 301.345
1 1995 99 -1029.7 12551.507
1 1935 2 -34.167 175.48001
1 1972 21 -241.02202 2655.1987
0 1985 8 -74.204 1230.8671
0 1927 1 -19.308 162.496
0 1976 2 -25.591 245.353
1 2000 129 -1310.274 16898.307
0 1978 5 -69.469 575.992
1 1984 28 -343.613 3637.5874
0 1971 5 -60.073 755.50696
1 1974 18 -184.82698 2226.8152
1 1976 13 -149.285 1813.5679
0 1981 11 -124.981995 1341.3289
1 1947 2 -38.989 227.249
0 1956 2 -17.802 256.64502
1 1994 80 -949.07794 9764.084
1 1926 2 -43.345 202.005
0 2001 63 -493.70398 7676.492
0 1936 1 -10.697 38.443
1 1956 5 -71.816 566.096
1 2008 164 -1327.5588 20655.592
1 1980 28 -318.3 3496.759
0 1984 4 -40.868 457.013
1 1954 1 -9.302 98.018
1 2010 45 -379.271 5217.4106
0 2006 122 -950.814 15554.129
0 1982 17 -215.389 2117.5222
0 1972 3 -40.240997 444.93
1 1959 7 -94.128 915.01996
1 1965 4 -55.108 332.464
0 1974 4 -49.927998 525.079
1 1998 115 -1198.463 13381.235
1 1962 4 -44.015 480.405
1 1977 29 -314.26398 4165.526
1 1966 8 -99.208 1062.987
1 2006 198 -1720.3972 24330.242
1 1975 13 -145.603 1648.532
1 1967 22 -296.07202 2565.031
0 1975 11 -124.386 1361.3522
0 2009 85 -716.9381 10237.902
1 1982 33 -352.04807 4139.739
0 1959 2 -38.544 211.939
1 1989 51 -635.96497 6427.6167
0 0 1613 -17567.258 196170.19
1 1985 26 -276.463 3286.572
0 1991 21 -225.49799 2553.9517
1 1957 1 -12.057 108.926
1 1950 1 -16.472 93.707
0 1970 7 -86.16 800.71704
1 1940 2 -37.38 203.08301
1 2004 167 -1444.2509 20136.898
0 2004 103 -846.1521 13515.274
0 2005 110 -918.5812 14296.08
1 1958 6 -74.256 788.652
0 1977 6 -99.44 711.264
1 1929 1 -14.873 114.177
0 1960 1 -10.067 122.798
